1 2 0 0 0.0005 0.0012 400
2 3 0 0 0.0005 0.0012 400
3 4 0 0 0.0015 0.0036 400
4 5 0 0 0.0251 0.0294 400
5 6 2.6 2.2 0.366 0.1864 400
6 7 40.4 30 0.381 0.1941 400
7 8 75 54 0.0922 0.047 400
8 9 30 22 0.0493 0.0251 400
9 10 28 19 0.819 0.2707 400
10 11 145 104 0.1872 0.0619 200
11 12 145 104 0.7114 0.2351 200
12 13 8 5 1.03 0.34 200
13 14 8 5.5 1.044 0.345 200
14 15 0 0 1.058 0.3496 200
15 16 45.5 30 0.1966 0.065 200
16 17 60 35 0.3744 0.1238 200
17 18 60 35 0.0047 0.0016 200
18 19 0 0 0.3276 0.1083 200
19 20 1 0.6 0.2106 0.069 200
20 21 114 81 0.3416 0.1129 200
21 22 5 3.5 0.014 0.0046 200
22 23 0 0 0.1591 0.0526 200
23 24 28 20 0.3463 0.1145 200
24 25 0 0 0.7488 0.2475 200
25 26 14 10 0.3089 0.1021 200
26 27 14 10 0.1732 0.0572 200
3 28 26 18.6 0.0044 0.0108 200
28 29 26 18.6 0.064 0.1565 200
29 30 0 0 0.3978 0.1315 200
30 31 0 0 0.0702 0.0232 200
31 32 0 0 0.351 0.116 200
32 33 14 10 0.839 0.2816 200
33 34 19.5 14 1.708 0.5646 200
34 35 6 4 1.474 0.4873 200
3 36 26 18.55 0.0044 0.0108 200
36 37 26 18.55 0.064 0.1565 200
37 38 0 0 0.1053 0.123 200
38 39 24 17 0.0304 0.0355 200
39 40 24 17 0.0018 0.0021 200
40 41 1.2 1 0.7283 0.8509 200
41 42 0 0 0.31 0.3623 200
42 43 6 4.3 0.041 0.0478 200
43 44 0 0 0.0092 0.0116 200
44 45 39.22 26.3 0.1089 0.1373 200
45 46 39.22 26.3 0.0009 0.0012 200
4 47 0 0 0.0034 0.0084 300
47 48 79 56.4 0.0851 0.2083 300
48 49 384.7 274.5 0.2898 0.7091 300
49 50 384.7 274.5 0.0822 0.2011 300
8 51 40.5 28.3 0.0928 0.0473 200
51 52 3.6 2.7 0.331 0.1114 200
9 53 4.35 3.5 0.174 0.0886 300
53 54 26.4 19 0.203 0.1034 300
54 55 24 17.2 0.2842 0.1447 300
55 56 0 0 0.2813 0.1433 300
56 57 0 0 1.59 0.5337 300
57 58 0 0 0.7837 0.263 300
58 59 100 72 0.3042 0.1006 300
59 60 0 0 0.3861 0.1172 300
60 61 1244 888 0.5075 0.2585 300
61 62 32 23 0.0974 0.0496 300
62 63 0 0 0.145 0.0738 300
63 64 227 162 0.7105 0.3619 300
64 65 59 42 1.041 0.5302 300
11 66 18 13 0.2012 0.0611 200
66 67 18 13 0.0047 0.0014 200
12 68 28 20 0.7394 0.2444 200
68 69 28 20 0.0047 0.0016 200