1 2 100 60 0.0922 0.0470 400
2 3 90 40 0.4930 0.2510 400
3 4 120 80 0.3661 0.1864 400
4 5 60 30 0.3811 0.1941 400
5 6 60 20 0.8190 0.7070 400
6 7 200 100 0.1872 0.6188 300
7 8 200 100 1.7117 1.2357 300
8 9 60 20 1.0299 0.7400 200
9 10 60 20 1.0440 0.7400 200
10 11 45 30 0.1967 0.0651 200
11 12 60 35 0.3744 0.1237 200
12 13 60 35 1.4680 1.1549 200
13 14 120 80 0.5416 0.7129 200
14 15 60 10 0.5909 0.5260 200
15 16 60 20 0.7462 0.5449 200
16 17 60 20 1.2889 1.7210 200
17 18 90 40 0.7320 0.5739 200
2 19 90 40 0.1640 0.1564 200
19 20 90 40 1.5042 1.3555 200
20 21 90 40 0.4095 0.4784 200
21 22 90 40 0.7089 0.9373 200
3 23 90 50 0.4512 0.3084 200
23 24 420 200 0.8980 0.7091 200
24 25 420 200 0.8959 0.7010 200
6 26 60 25 0.2031 0.1034 300
26 27 60 25 0.2842 0.1447 300
27 28 60 20 1.0589 0.9338 300
28 29 120 70 0.8043 0.7006 200
29 30 200 600 0.5074 0.2585 200
30 31 150 70 0.9745 0.9629 200
31 32 210 100 0.3105 0.3619 200
32 33 60 40 0.3411 0.5302 200